
── aim ──
lowest drawn row       candidate 338
                       reference 336
box width              candidate 106
                       reference 106
box height             candidate 154
                       reference 152
centroid x             candidate 177.1
                       reference 177.0
ground-contact groups  candidate 1
                       reference 1

── death ──
lowest drawn row       candidate 337 311 296 262 256 282 338 338 337 337 339 339 340 340 340 340 340 340 340 340 340 340 340 340 340 340 340 340 339 338 338 337 337 337 337 337 337 337 338 338 338 338 338 338 338 338 338 338 338 338 338 337 337 337 337 337 338 339 339 341
                       reference 336 325 296 266 259 281 334 338 340 337 337 338 338 338 338 338 338 338 338 338 338 338 338 338 338 338 338 338 338 337 337 337 337 337 337 337 337 337 337 337 337 337 337 337 337 337 337 337 337 337 337 337 337 337 337 337 337 337 337 337
box width              candidate 61 81 95 100 116 107 109 105 109 127 138 139 139 139 145 144 143 143 143 143 143 143 143 143 143 143 143 143 144 145 143 142 141 141 140 140 140 140 139 139 138 137 137 137 137 137 136 136 135 135 135 135 135 134 134 139 140 140 140 140
                       reference 61 81 99 99 119 107 110 151 147 133 144 138 141 145 149 152 151 151 151 151 151 151 151 151 152 152 152 151 152 153 150 149 148 148 147 147 147 147 146 146 146 146 146 145 145 145 144 144 144 143 143 143 143 142 143 148 148 148 148 148
box height             candidate 153 147 140 114 84 70 79 65 71 71 67 64 65 65 65 65 65 65 65 65 65 65 65 65 65 65 65 65 65 65 68 68 68 69 70 70 70 71 72 72 72 72 73 73 73 73 73 73 73 73 73 72 72 72 71 67 66 67 67 69
                       reference 153 161 141 118 87 81 89 65 74 71 65 64 64 64 64 64 64 64 64 63 63 63 63 63 63 63 63 64 64 64 67 68 69 70 70 71 71 71 71 71 71 72 72 72 72 72 72 72 73 73 73 73 72 72 72 67 65 65 65 65
centroid x             candidate 177.6 179.6 175.6 151.1 115.1 96.4 88.3 73.8 81.6 85.2 82.3 80.6 80.3 80.2 80.1 80.0 80.1 80.0 80.0 80.0 80.0 80.0 80.0 80.0 80.0 80.0 80.0 80.3 79.9 80.4 81.6 81.5 82.0 82.2 82.4 82.4 82.5 82.5 82.6 82.6 82.7 82.8 83.1 83.1 83.2 83.1 83.3 83.5 83.5 83.6 83.8 84.0 83.9 84.5 84.6 82.2 81.9 82.0 82.0 81.3
                       reference 177.8 179.7 175.5 151.7 120.8 99.6 90.9 84.5 87.5 88.1 88.1 85.4 84.2 82.8 82.3 82.8 82.9 82.8 82.8 82.8 82.8 82.8 82.8 82.8 82.8 82.8 82.8 82.7 83.1 83.8 84.6 84.5 84.6 84.8 85.0 85.3 85.3 85.4 85.4 85.5 85.6 85.6 85.8 85.8 85.9 86.0 86.1 86.2 86.3 86.4 86.6 86.8 87.0 87.2 87.1 85.1 84.9 84.7 84.9 84.2
ground-contact groups  candidate 1 0 0 0 0 0 2 1 2 3 1 1 1 1 1 1 1 1 1 1 1 1 1 1 1 1 1 1 1 1 1 1 1 1 2 2 2 2 2 2 2 2 2 2 2 2 1 1 1 1 1 1 1 1 3 1 1 1 1 1
                       reference 1 0 0 0 0 0 2 1 1 1 1 1 1 1 1 1 1 1 1 1 1 1 1 1 1 1 1 1 1 1 1 2 2 2 2 2 2 3 3 3 3 3 3 3 3 3 3 3 2 2 2 2 2 2 2 1 1 1 1 1

── hit ──
lowest drawn row       candidate 338 339 339 335 338
                       reference 338 340 339 336 336
box width              candidate 141 137 97 82 73
                       reference 148 149 138 116 103
box height             candidate 74 102 132 146 152
                       reference 80 104 133 147 150
centroid x             candidate 130.1 132.7 135.6 149.4 164.0
                       reference 132.0 135.6 146.8 156.5 165.6
ground-contact groups  candidate 1 1 1 1 1
                       reference 1 1 1 1 1

── idle ──
lowest drawn row       candidate 336 336 336 336 337 337 337 338 338 337 337 337 337 337 337 337 336 336 336 336 336
                       reference 336 336 336 336 336 336 336 336 336 336 336 336 336 336 336 336 336 336 336 336 336
box width              candidate 100 100 99 100 99 99 99 99 99 99 98 99 99 100 100 101 101 101 101 100 100
                       reference 100 100 100 101 100 101 100 100 100 100 100 100 100 101 101 101 101 101 101 101 100
box height             candidate 146 146 145 145 146 145 145 146 146 145 145 145 145 145 145 145 145 145 145 146 146
                       reference 146 146 146 145 145 144 144 144 143 143 143 143 143 143 144 144 145 145 145 146 146
centroid x             candidate 183.5 183.7 183.9 183.9 184.0 184.2 184.2 184.2 184.4 184.5 184.7 184.9 185.2 185.3 185.3 185.1 185.0 184.5 184.2 183.8 183.5
                       reference 183.5 183.5 183.6 183.8 184.0 184.1 184.3 184.5 184.6 184.9 185.2 185.4 185.5 185.5 185.5 185.2 185.0 184.5 184.2 183.9 183.6
ground-contact groups  candidate 2 2 2 2 2 2 2 2 2 2 2 2 2 2 2 2 2 2 2 2 2
                       reference 2 2 2 2 2 2 2 2 2 2 2 2 2 2 2 2 2 2 2 2 2
gun teal (lower)       candidate 297 303 305 297 301 289 303 301 306 304 303 308 316 303 311 306 304 310 311 304 301
                       reference 299 304 306 308 304 305 303 312 315 311 319 317 316 317 325 311 307 317 306 307 299

── jump ──
lowest drawn row       candidate 341 295 256 227 206 190 178 174 167 167 170 178 197 234 302 338 336
                       reference 335 302 260 232 212 196 184 176 171 169 171 179 199 241 330 336 335
box width              candidate 92 97 89 84 84 82 90 102 101 104 99 93 90 85 83 79 77
                       reference 103 98 88 85 84 84 90 100 109 109 107 100 97 93 92 101 104
box height             candidate 141 147 149 147 142 139 140 147 146 149 151 151 151 148 138 135 137
                       reference 135 152 152 152 148 146 146 149 150 152 152 153 154 156 172 133 136
centroid x             candidate 195.7 190.2 192.2 194.2 193.0 190.9 187.7 183.7 183.6 181.0 180.2 180.4 181.3 184.3 189.3 189.6 189.8
                       reference 192.8 190.0 192.1 193.6 192.7 190.7 187.7 184.5 182.1 180.3 179.5 180.0 180.9 182.9 187.2 189.9 190.6
ground-contact groups  candidate 1 0 0 0 0 0 0 0 0 0 0 0 0 0 0 1 1
                       reference 1 0 0 0 0 0 0 0 0 0 0 0 0 0 1 2 1

── run ──
lowest drawn row       candidate 339 334 323 335 338 331 321 334 337
                       reference 335 336 323 336 335 336 323 334 335
box width              candidate 99 99 103 95 79 73 82 81 81
                       reference 102 100 105 105 102 94 123 117 102
box height             candidate 144 145 140 143 143 141 137 143 141
                       reference 139 147 140 146 140 146 139 144 139
centroid x             candidate 192.6 192.2 190.0 185.4 187.4 194.3 193.8 188.7 188.7
                       reference 191.1 191.2 189.3 183.8 184.8 190.8 193.6 189.3 191.1
ground-contact groups  candidate 1 2 0 1 1 1 0 1 1
                       reference 1 2 0 1 2 2 0 1 1

── shoot ──
lowest drawn row       candidate 339 339 339 339 339 337
                       reference 336 336 336 336 336 336
box width              candidate 107 107 187 200 214 107
                       reference 108 108 189 202 218 108
box height             candidate 155 155 155 155 155 153
                       reference 152 152 152 152 152 152
centroid x             candidate 177.1 177.1 214.9 219.6 221.0 177.1
                       reference 177.2 177.2 214.3 219.5 221.4 177.2
ground-contact groups  candidate 1 1 1 1 1 1
                       reference 1 1 1 1 1 1
flare px               candidate 0 0 160 1441 634 0
                       reference 0 0 166 1659 717 0

── walk ──
lowest drawn row       candidate 335 338 338 335 335 336 334 336 335 331 335 333 335
                       reference 335 336 335 336 335 337 335 336 336 336 335 334 335
box width              candidate 99 114 109 93 80 72 75 79 74 70 60 76 99
                       reference 100 113 109 94 80 69 80 81 75 69 60 76 100
box height             candidate 149 148 149 150 152 153 148 146 147 147 153 150 149
                       reference 149 146 146 151 153 155 150 146 148 152 153 152 149
centroid x             candidate 184.5 181.7 180.6 181.8 184.0 182.5 180.1 179.5 178.4 179.1 182.0 184.9 184.7
                       reference 184.6 181.8 180.9 182.1 184.0 183.5 182.5 180.0 178.8 179.4 182.3 184.9 184.6
ground-contact groups  candidate 2 2 1 1 1 1 1 2 2 1 2 2 2
                       reference 2 2 1 1 1 2 2 2 2 1 1 2 2
gun teal (lower)       candidate 309 284 259 305 328 324 253 298 301 177 174 322 304
                       reference 316 300 299 308 332 276 36 216 129 47 200 332 316
